1601653134082 44.888019296 7.796610237 19.933
1601653135049 44.887839419 7.79657256 20.549
1601653136049 44.887661076 7.796534245 20.116
1601653137058 44.887484379 7.796495362 19.854
1601653180087 44.879526199 7.794718907 22.395
1601653181051 44.879325583 7.794671798 22.575
1601653182055 44.879124963 7.79462957 22.421
1601653183054 44.878925954 7.794587185 22.231
1601653188088 44.877923365 7.794359399 22.568
1601653189051 44.877726492 7.79431548 21.992
1601653190054 44.877530516 7.794272498 0.865
1601653191051 44.877331849 7.794231544 1.283
1601653211111 44.87428645 7.792164202 1.242
1601653212053 44.874193676 7.792001163 1.297
1601653213053 44.874104141 7.791844959 1.633
1601653218087 44.87370199 7.791141562 13.445
1601653219053 44.873624614 7.791013185 13.193
1601653220049 44.873546982 7.790884762 13.261
1601653221057 44.873468015 7.790758164 13.276
1601653234054 44.8720556 7.789415959 16.546
1601653235053 44.871923328 7.789320131 16.697
1601653236060 44.871789582 7.789220609 16.896
1601653242055 44.870920171 7.788604794 19.078
1601653243057 44.870765687 7.788494405 19.433
1601653244057 44.870608381 7.788384186 19.676
1601653249056 44.869810133 7.787765481 20.94
1601653250057 44.869647321 7.787630206 20.969
1601653251059 44.869485019 7.787493022 21.023
1601653264092 44.867494707 7.785728236 18.641
1601653265055 44.867353794 7.785600724 18.497
1601653266055 44.867213501 7.785478136 1.211
1601653271161 44.866516476 7.784947096 1.52
1601653272054 44.866374722 7.784845864 1.855
1601653273055 44.866232742 7.784745179 1.783
1601653274055 44.866090711 7.78464523 1.693
1601653279056 44.865388216 7.784146635 1.442
1601653280055 44.865247167 7.78404723 1.454
1601653281056 44.865108942 7.783947679 1.142
1601653289053 44.864122801 7.783233021 1.025
1601653295060 44.863376501 7.782688895 1.501
1601653296056 44.863252586 7.782601623 1.414
1601653297055 44.863130528 7.782515252 15.237
1601653346086 44.857132823 7.778547789 15.164
1601653349055 44.856898246 7.778104482 14.05
1601653350062 44.856828885 7.777961547 13.528
1601653354054 44.856562391 7.777428889 12.815
1601653355057 44.856495884 7.777294732 13.048
1601653356060 44.856427677 7.7771574 13.359
1601653357054 44.856358839 7.777017123 13.642
1601653362052 44.855985754 7.776267018 14.752
1601653363054 44.855910418 7.77611423 14.658
1601653364052 44.855835857 7.775962229 14.556
1601653365055 44.855761786 7.775810547 14.48
1601653369087 44.855473829 7.775219409 13.631
1601653370054 44.855405991 7.77508313 12.853
1601653371058 44.855347546 7.774960972 11.202
1601653372060 44.855301722 7.774850513 9.752
1601653385060 44.854880608 7.773762775 10.798
1601653386063 44.854844594 7.773627593 11.612
1601653387061 44.854816268 7.773485855 11.935
1601653388061 44.854787384 7.773336169 12.072
1601653410084 44.853889603 7.770796482 1.5
1601653415065 44.853485739 7.770118557 1.357
1601653423061 44.852964748 7.768894358 1.448
1601653424051 44.852916118 7.768741647 1.118
1601653425049 44.852871047 7.768586514 1.201
1601653426049 44.852828 7.768429741 13.395
1601653469048 44.852174659 7.760196104 15.856
